575
-241
-241
32
-241
3
-1
15
-17
15
-579
-241
-241
-241
-241
-241
-241
-241
-241
-241
-241
-241
-241
-241
-241
-1009
766
-2016
1807
-241
-241
-241
-241
-241
-241
-241
-241
-241
-241
-241
-241
-241
-241
-241
-241
-241
-241
-2033
-916
1824
-910
33
100
-110
799
-109
1997
-1353
-1061
-1866
-34
-578
1033
-1656
-1976
-380
1149
-1148
1194
-1916
223
-640
268
-1407
441
271
1551
-364
-497
-577
1288
-108
1352
-148
-137
1132
1280
-256
-1
-1
313
57
45
261
-504
686
1280
206
256
16
1792
1466
-241
-2041
271
128
582
-241
-241
32
-241
3
-1
15
-17
15
-579
-241
-241
-241
-241
-241
-241
-241
-241
-241
-241
-241
-241
-241
-241
-1009
-258
-1952
1807
-241
-241
-241
-241
-241
-241
-241
-241
-241
-241
-241
-241
-241
-241
-241
-241
-241
-241
-2033
-916
1824
-910
33
100
-110
799
-109
1997
-1353
-1061
-1866
-34
-578
1033
-1656
-1976
-380
1149
-1148
1194
-1916
223
-640
268
-1407
441
271
1551
-364
-497
-577
1288
-108
1352
-148
-137
1132
1280
-256
-1
-1
313
57
45
1797
-504
686
1280
206
256
16
1792
1466
-241
-2041
271
128
794
-241
-241
32
-241
3
-1
15
-17
15
-579
-241
-241
-241
-241
-241
-241
-241
-241
-241
-241
-241
-241
-241
-241
-1009
-1282
-1952
1807
-241
-241
-241
-241
-241
-241
-241
-241
-241
-241
-241
-241
-241
-241
-241
-241
-241
-241
-2033
-916
1824
-910
33
100
-110
799
-109
1997
-1353
-1061
-1866
-34
-578
1033
-1656
-1976
-380
1149
-1148
1194
-1916
223
-640
268
-1407
441
271
1551
-364
-497
-577
1288
-108
1352
-148
-137
1132
1280
-256
-1
-1
313
57
45
-507
-504
686
1280
206
256
16
1792
1466
-241
-2041
271
128
612
-241
-241
32
-241
3
-1
15
-17
15
-579
-241
-241
-241
-241
-241
-241
-241
-241
-241
-241
-241
-241
-241
-241
-1009
766
-1952
1807
-241
-241
-241
-241
-241
-241
-241
-241
-241
-241
-241
-241
-241
-241
-241
-241
-241
-241
-2033
-916
1824
-910
33
100
-110
799
-109
1997
-1353
-1061
-1866
-34
-578
1033
-1656
-1976
-380
1149
-1148
1194
-1916
223
-640
268
-1407
441
271
1551
-364
-497
-577
1288
-108
1352
-148
-137
1132
1280
-256
-1
-1
313
57
45
-507
-504
686
1280
206
256
16
1792
1466
-241
-2041
271
128
-319
-241
-241
32
-241
3
-1
15
-17
15
-579
-241
-241
-241
-241
-241
-241
-241
-241
-241
-241
-241
-241
-241
-241
-1009
2046
-1952
1807
-241
-241
-241
-241
-241
-241
-241
-241
-241
-241
-241
-241
-241
-241
-241
-241
-241
-241
-2033
-916
1824
-910
33
100
-110
799
-109
1997
-1353
-1061
-1866
-34
-578
1033
-1656
-1976
-380
1149
-1148
1194
-1916
223
-640
268
-1407
441
271
1551
-364
-497
-577
1288
-108
1352
-148
-137
1132
1280
-256
-1
-1
313
57
45
1797
-1
-504
686
1280
206
256
16
1792
1466
-241
-2041
271
128
1538
-241
-241
32
-241
3
-1
15
-17
15
-579
-241
-241
-241
-241
-241
-241
-241
-241
-241
-241
-241
-241
-241
-241
-1009
766
-1952
1807
-241
-241
-241
-241
-241
-241
-241
-241
-241
-241
-241
-241
-241
-241
-241
-241
-241
-241
-2033
-916
1824
-910
33
100
-110
799
-109
1997
-1353
-1061
-1866
-34
-578
1033
-1656
-1976
-380
1149
-1148
1194
-1916
223
-640
268
-1407
441
271
1551
-364
-497
-577
1288
-108
1352
-148
-137
1132
1280
-256
-1
-1
313
57
45
-1019
-1
-504
686
1280
206
256
16
1792
1466
-241
-2041
271
128
-1017
-241
-241
32
-241
3
-1
15
-17
15
-579
-241
-241
-241
-241
-241
-241
-241
-241
-241
-241
-241
-241
-241
-241
-1009
510
-1952
1807
-241
-241
-241
-241
-241
-241
-241
-241
-241
-241
-241
-241
-241
-241
-241
-241
-241
-241
-2033
-916
1824
-910
33
100
-110
799
-109
1997
-1353
-1061
-1866
-34
-578
1033
-1656
-1976
-380
1149
-1148
1194
-1916
223
-640
268
-1407
441
271
1551
-364
-497
-577
1288
-108
1352
-148
-137
1132
1280
-256
-1
-1
313
57
45
-507
-504
686
1280
206
256
16
1792
1466
-241
-2041
271
128
-1590
-241
-241
32
-241
3
-1
15
-17
15
-579
-241
-241
-241
-241
-241
-241
-241
-241
-241
-241
-241
-241
-241
-241
-1009
-1794
-1952
1807
-241
-241
-241
-241
-241
-241
-241
-241
-241
-241
-241
-241
-241
-241
-241
-241
-241
-241
-2033
-916
1824
-910
33
100
-110
799
-109
1997
-1353
-1061
-1866
-34
-578
1033
-1656
-1976
-380
1149
-1148
1194
-1916
223
-640
268
-1407
441
271
1551
-364
-497
-577
1288
-108
1352
-148
-137
1132
1280
-256
-1
-1
313
57
45
1541
-504
686
1280
206
256
16
1792
1466
-241
-2041
271
128
1873
-241
-241
32
-241
3
-1
15
-17
15
-579
-241
-241
-241
-241
-241
-241
-241
-241
-241
-241
-241
-241
-241
-241
-1009
1534
-1952
1807
-241
-241
-241
-241
-241
-241
-241
-241
-241
-241
-241
-241
-241
-241
-241
-241
-241
-241
-2033
-916
1824
-910
33
100
-110
799
-109
1997
-1353
-1061
-1866
-34
-578
1033
-1656
-1976
-380
1149
-1148
1194
-1916
223
-640
268
-1407
441
271
1551
-364
-497
-577
1288
-108
1352
-148
-137
1132
1280
-256
-1
-1
313
57
45
-1275
-1
-504
686
1280
206
256
16
1792
1466
-241
-2041
271
128
1983
-241
-241
32
-241
3
-1
15
-17
15
-579
-241
-241
-241
-241
-241
-241
-241
-241
-241
-241
-241
-241
-241
-241
-1009
-514
-1952
1807
-241
-241
-241
-241
-241
-241
-241
-241
-241
-241
-241
-241
-241
-241
-241
-241
-241
-241
-2033
-916
1824
-910
33
100
-110
799
-109
1997
-1353
-1061
-1866
-34
-578
1033
-1656
-1976
-380
1149
-1148
1194
-1916
223
-640
268
-1407
441
271
1551
-364
-497
-577
1288
-108
1352
-148
-137
1132
1280
-256
-1
-1
313
57
45
1285
-504
686
1280
206
256
16
1792
1466
-241
-2041
271
128
-759
-241
-241
32
-241
3
-1
15
-17
15
-579
-241
-241
-241
-241
-241
-241
-241
-241
-241
-241
-241
-241
-241
-241
-1009
2046
-1952
1807
-241
-241
-241
-241
-241
-241
-241
-241
-241
-241
-241
-241
-241
-241
-241
-241
-241
-241
-2033
-916
1824
-910
33
100
-110
799
-109
1997
-1353
-1061
-1866
-34
-578
1033
-1656
-1976
-380
1149
-1148
1194
-1916
223
-640
268
-1407
441
271
1551
-364
-497
-577
1288
-108
1352
-148
-137
1132
1280
-256
-1
-1
313
57
45
1541
-1
-504
686
1280
206
256
16
1792
1466
-241
-2041
271
128
1686
-241
-241
32
-241
3
-1
15
-17
15
-579
-241
-241
-241
-241
-241
-241
-241
-241
-241
-241
-241
-241
-241
-241
-1009
-770
-1952
1807
-241
-241
-241
-241
-241
-241
-241
-241
-241
-241
-241
-241
-241
-241
-241
-241
-241
-241
-2033
-916
1824
-910
33
100
-110
799
-109
1997
-1353
-1061
-1866
-34
-578
1033
-1656
-1976
-380
1149
-1148
1194
-1916
223
-640
268
-1407
441
271
1551
-364
-497
-577
1288
-108
1352
-148
-137
1132
1280
-256
-1
-1
313
57
45
-763
-1
-504
686
1280
206
256
16
1792
1466
-241
-2041
271
128
1314
-241
-241
32
-241
3
-1
15
-17
15
-579
-241
-241
-241
-241
-241
-241
-241
-241
-241
-241
-241
-241
-241
-241
-1009
-258
-1952
1807
-241
-241
-241
-241
-241
-241
-241
-241
-241
-241
-241
-241
-241
-241
-241
-241
-241
-241
-2033
-916
1824
-910
33
100
-110
799
-109
1997
-1353
-1061
-1866
-34
-578
1033
-1656
-1976
-380
1149
-1148
1194
-1916
223
-640
268
-1407
441
271
1551
-364
-497
-577
1288
-108
1352
-148
-137
1132
1280
-256
-1
-1
313
57
45
-1275
-1
-504
686
1280
206
256
16
1792
1466
-241
-2041
271
128
-414
-241
-241
32
-241
3
-1
15
-17
15
-579
-241
-241
-241
-241
-241
-241
-241
-241
-241
-241
-241
-241
-241
-241
-1009
-1282
-1952
1807
-241
-241
-241
-241
-241
-241
-241
-241
-241
-241
-241
-241
-241
-241
-241
-241
-241
-241
-2033
-916
1824
-910
33
100
-110
799
-109
1997
-1353
-1061
-1866
-34
-578
1033
-1656
-1976
-380
1149
-1148
1194
-1916
223
-640
268
-1407
441
271
1551
-364
-497
-577
1288
-108
1352
-148
-137
1132
1280
-256
-1
-1
313
57
45
1285
-1
-504
686
1280
206
256
16
1792
1466
-241
-2041
271
128
-1523
-241
-241
32
-241
3
-1
15
-17
15
-579
-241
-241
-241
-241
-241
-241
-241
-241
-241
-241
-241
-241
-241
-241
-1009
254
-1952
1807
-241
-241
-241
-241
-241
-241
-241
-241
-241
-241
-241
-241
-241
-241
-241
-241
-241
-241
-2033
-916
1824
-910
33
100
-110
799
-109
1997
-1353
-1061
-1866
-34
-578
1033
-1656
-1976
-380
1149
-1148
1194
-1916
223
-640
268
-1407
441
271
1551
-364
-497
-577
1288
-108
1352
-148
-137
1132
1280
-256
-1
-1
313
57
45
-1531
-1
-504
686
1280
206
256
16
1792
1466
-241
-2041
271
128
1246
-241
-241
32
-241
3
-1
15
-17
15
-579
-241
-241
-241
-241
-241
-241
-241
-241
-241
-241
-241
-241
-241
-241
-1009
1790
-1952
1807
-241
-241
-241
-241
-241
-241
-241
-241
-241
-241
-241
-241
-241
-241
-241
-241
-241
-241
-2033
-916
1824
-910
33
100
-110
799
-109
1997
-1353
-1061
-1866
-34
-578
1033
-1656
-1976
-380
1149
-1148
1194
-1916
223
-640
268
-1407
441
271
1551
-364
-497
-577
1288
-108
1352
-148
-137
1132
1280
-256
-1
-1
313
57
45
-2043
-504
686
1280
206
256
16
1792
1466
-241
-2041
271
128
1000
-241
-241
32
-241
3
-1
15
-17
15
-579
-241
-241
-241
-241
-241
-241
-241
-241
-241
-241
-241
-241
-241
-241
-1009
-514
-1952
1807
-241
-241
-241
-241
-241
-241
-241
-241
-241
-241
-241
-241
-241
-241
-241
-241
-241
-241
-2033
-916
1824
-910
33
100
-110
799
-109
1997
-1353
-1061
-1866
-34
-578
1033
-1656
-1976
-380
1149
-1148
1194
-1916
223
-640
268
-1407
441
271
1551
-364
-497
-577
1288
-108
1352
-148
-137
1132
1280
-256
-1
-1
313
57
45
1797
-504
686
1280
206
256
16
1792
1466
-241
-2041
271
128
1114
-241
-241
32
-241
3
-1
15
-17
15
-579
-241
-241
-241
-241
-241
-241
-241
-241
-241
-241
-241
-241
-241
-241
-1009
1278
-1952
1807
-241
-241
-241
-241
-241
-241
-241
-241
-241
-241
-241
-241
-241
-241
-241
-241
-241
-241
-2033
-916
1824
-910
33
100
-110
799
-109
1997
-1353
-1061
-1866
-34
-578
1033
-1656
-1976
-380
1149
-1148
1194
-1916
223
-640
268
-1407
441
271
1551
-364
-497